行列Aは次の通りです
-2.000000	1.000000	0.000000	0.000000	0.000000	0.000000	0.000000	0.000000	0.000000	0.000000	
1.000000	-2.000000	1.000000	0.000000	0.000000	0.000000	0.000000	0.000000	0.000000	0.000000	
0.000000	1.000000	-2.000000	1.000000	0.000000	0.000000	0.000000	0.000000	0.000000	0.000000	
0.000000	0.000000	1.000000	-2.000000	1.000000	0.000000	0.000000	0.000000	0.000000	0.000000	
0.000000	0.000000	0.000000	1.000000	-2.000000	1.000000	0.000000	0.000000	0.000000	0.000000	
0.000000	0.000000	0.000000	0.000000	1.000000	-2.000000	1.000000	0.000000	0.000000	0.000000	
0.000000	0.000000	0.000000	0.000000	0.000000	1.000000	-2.000000	1.000000	0.000000	0.000000	
0.000000	0.000000	0.000000	0.000000	0.000000	0.000000	1.000000	-2.000000	1.000000	0.000000	
0.000000	0.000000	0.000000	0.000000	0.000000	0.000000	0.000000	1.000000	-2.000000	1.000000	
0.000000	0.000000	0.000000	0.000000	0.000000	0.000000	0.000000	0.000000	1.000000	-2.000000	
ベクトルbは次の通りです
  0.00	
  0.00	
  0.00	
  0.00	
  0.00	
  0.00	
  0.00	
  0.00	
  0.00	
-11.00	
ベクトルxは次の通りです
  0.00	
  0.00	
  0.00	
  0.00	
  0.00	
  0.00	
  0.00	
  0.00	
  0.00	
  0.00	
Ax=bの解は次の通りです
  0.9999999636047043
  1.9999999329870333
  2.9999999101186217
  3.9999998961995251
  4.9999998916242117
  5.9999998960141934
  6.9999999083094169
  7.9999999269065061
  8.9999999498291530
  9.9999999749145765
