行列Aは次の通りです
-2.00	 1.00	 0.00	 0.00	 0.00	 0.00	 0.00	 0.00	 0.00	 0.00	
 1.00	-2.00	 1.00	 0.00	 0.00	 0.00	 0.00	 0.00	 0.00	 0.00	
 0.00	 1.00	-2.00	 1.00	 0.00	 0.00	 0.00	 0.00	 0.00	 0.00	
 0.00	 0.00	 1.00	-2.00	 1.00	 0.00	 0.00	 0.00	 0.00	 0.00	
 0.00	 0.00	 0.00	 1.00	-2.00	 1.00	 0.00	 0.00	 0.00	 0.00	
 0.00	 0.00	 0.00	 0.00	 1.00	-2.00	 1.00	 0.00	 0.00	 0.00	
 0.00	 0.00	 0.00	 0.00	 0.00	 1.00	-2.00	 1.00	 0.00	 0.00	
 0.00	 0.00	 0.00	 0.00	 0.00	 0.00	 1.00	-2.00	 1.00	 0.00	
 0.00	 0.00	 0.00	 0.00	 0.00	 0.00	 0.00	 1.00	-2.00	 1.00	
 0.00	 0.00	 0.00	 0.00	 0.00	 0.00	 0.00	 0.00	 1.00	-2.00	
ベクトルbは次の通りです
 0.00	
 0.00	
 0.00	
 0.00	
 0.00	
 0.00	
 0.00	
 0.00	
 0.00	
-11.00	
ベクトルxは次の通りです
 0.00	
 0.00	
 0.00	
 0.00	
 0.00	
 0.00	
 0.00	
 0.00	
 0.00	
 0.00	
Ax=bの解は次の通りです
1.000000
2.000000
3.000000
4.000000
5.000000
6.000000
7.000000
8.000000
9.000000
10.000000
